4715.65
8015.61
9184.99
10213.3
10450
11039.8
11508.3
12197.7
12413.4
12544.4
13302
13332.3
14316.8
13982.7
14757.8
14987.8
15143.4
16043.4
15800.1
16284
16494.5
16765.7
16731
17108.5
17419.9
17354.9
17508.7
17549
17789.1
18392.6
18376.9
18361.6
18876.9
18805.6
19134.8
19843.6
19307.8
20014.8
19945
19341.7
20441.7
20518
20628.1
19879
20525.4
21161.1
21319.9
21557.3
21437.2
22381.3
21486.4
21826.2
21974.7
22479.3
22682.9
22943.2
23327.7
23171.2
22991.9
23555.2
23467.3
24253.6
24366.6
24238.7
24686.1
25068.3
25812
25407.4
26240.5
25765.4
25874.9
27098.5
26888.8
26785.2
26952.2
27637.7
27776.1
28277.2
27787
28777.1
27974.5
29511.4
29527.6
29371.7
29217.2
30346.5
29805.4
29430.1
30551.2
30866.4
30483.2
30026.7
32205.6
30115.9
31075.6
32126
31224
31736.8
32111.8
31476.8
32672.3
32039.2
33357.5
32933
32968.7
32195.5
33170.4
33281.3
34226.7
33866.8
33642.1
34384.3
34034.4
34339.5
33570.6
34875.1
35790
33459.1
36688.8
33266
34369
35296.4
36489.5
35671.7
35324.8
36179.3
35493
36334.4
36927.6
36960.5
36523.8
37276.8
36676.6
37097.3
37187
36501.5
37253.6
36772.3
37740
37482
37452
37934.1
38145.1
37958.8
37508.2
38359.6
38723.8
37885.9
37895.7
39121
39759
39029.6
38834
39006.4
39359.2
40445.2
40286.9
40154.6
40480.8
40530
39517.3
38860.8
39846.3
40243.5
39578.3
38751.9
38631.3
39655
40692.5
39294.3
39878.6
40994.4
40578.1
40048
41080.6
40738
40843.5
41200.7
40559.4
40563.1
40804.7
40907.6
41097.6
41021.6
41938.2
41476.1
41335.3
39404.9
40995
41093.5
41786.4
42220.2
41832.4
40982
41072.9
41625
41984.3
42404.3
41313.3
41589.6
42200.8
43336.9
41774.5
43140.9
42671
42693.7
42619.3
41283.4
43412.5
41941.6
42346.3
41912.7
41768.6
43547.5
43362.2
43971.2
42353.1
42880.2
42154.1
42695
43062.4
43466.7
42673.7
42493.8
42635.5
45408
43196.9
43401
45148
43180.7
43816.8
43032
44607.7
44167.6
44049.2
43456.7
43296
45197
43391.7
44840.8
44705.3
44731.2
45986
43104.6
44595.1
43876.9
43979.6
44390
44988
45226.3
44522.6
43938.2
44592.8
43916.5
44657.9
45368.6
44471.8
44378
45390
44565.2
45300.9
44317.3
45263.3
45980.2
44719.9
44950.3
44989.5
45013.4
44895.4
45333.1
44694.9
45430.7
45045.4
46768.4
44481.6
45350
45965
47454.4
46154.9
44222.9
46107.5
46019.2
47172.3
45325.2
46231.2
45981.8
45723
48237.7
45567.9
47342.6
45975.6
46354.6
46279.9
47233.4
46449.2
46766.1
46462
45795.5
46457.4
46348.3
46136.1
46846.1
47582.7
46813.2
47459.8
46667
46980
45803.6
45983.9
46439.4
47226.4
46945.2
46170.7
46869.2
46945.3
46281.7
46506.1
45710.9
46655.2
46228.6
47685.8
48152.9
46384.6
47898.3
46696.4
48088.7
47190.2
47744.1
47200.6
47015.8
48134.8
46879.2
46704.8
45837.5
46165.4
48016.9
48136.3
47131.9
47310.6
47668.7
48626.9
48103.6
46798.5
48609.4
47647.1
49838.8
48277.5
48721.5
48351.8
47385.7
48086.7
49867.5
48168.6
48564.1
47712.3
48536.6
47270.5
48407.8
48856.5
48481.6
49331.7
48387.6
49338
48791.9
49768.5
50492.7
48581.4
47480.2
46965.1
47971.4
48928.2
48817.5
47466.7
49358.8
48139.9
47602.9
49133.4
48933.2
49997.1
49264.8
49272.2
49117.7
47277.3
48185.5
50002.9
50213.6
47671.4
49506.4
49315.1
49287.8
49608.4
49130.7
50645.2
49427.6
50802.7
48108.1
49678.5
48518.9
50663.7
50232.5
48740.1
49059
49630.6
49331.8
48910.3
49873.9
49338.7
48532.5
51273.1
49957
49852.5
49972.7
50789.5
49216.9
49266.2
50284.6
50083.5
50174.8
50082
49989.3
48944.8
49622.8
51300.5
49793.8
49765.8
49949.9
50003.4
50824.5
48975.5
51103.4
49366.8
48795.1
49768.5
51338.4
48519.9
50929.1
50583.4
51064.9
49634.4
50385.4
50026.3
49296.3
49792.8
50389.3
49796
50508.6
49875.4
48653.1
51915
49805.7
50876.5
51261.4
50314.7
50561.5
50634.7
49943.3
50222.6
50961.3
49854.6
50953.1
51134.1
50588
52138
51909.6
50508.3
51860.2
51784.8
51131.2
51262.1
51811.7
52217
50833.6
51056.7
51715.2
51184.5
50552
51530.6
50153
49683.4
50262.2
50073.8
51164.7
50235
53158.8
50613.3
50824.4
51734
52039.1
53135.5
52494.3
51752
51364.5
51251.9
51669.1
50841
52294.8
54001.4
51943.9
51473.5
52783.8
52528.6
51582.4
51560.7
52478.8
51336.7
51514
53355.9
50572.6
52080.8
49888.3
53178.1
52008.6
50977.5
50681.2
50937.6
50318.4
52643.3
50976.3
53164
51232.7
52657.9
52720.3
53720.1
53217.3
50994.7
52320.1
51822.7
50435.9
52233.9
51910.1
53426.8
51314.6
51671.8
53635.3
50412.7
53782.2
52793.4
52641.2
54463.7
52615.1
54143.4
54162.6
53355.4
53053
53066.3
53148.4
54457.8
54569.8
54045.6
54759
53969.1
54580.6
53250.9
53121.6
53241.3
53306.5
55306.5
54591.7
53133.7
54423.7
54018.6
53812.1
52978.4
53216.3
52956
51982.5
54843.5
55668.2
54023.8
53043.2
52770.8
54734.4
53542.7
53040.6
54082.6
52175.8
52212.4
54658.2
53983.2
55065.4
53488.3
56143.7
54436.3
54251.1
54239.9
55275.7
55925.3
55242
54042.1
55418.8
56887.3
55747.7
56113.4
55333.5
54617.1
54005.3
54589.2
55658.8
56149.6
53961.8
54677.6
57463.9
55334.4
54700
53839.8
54674.8
54167.6
53899.6
54455.6
55619.2
54390.4
53588.3
53475.6
55796.5
56015.1
54480.8
55952.1
55477.7
56857.8
53015.3
55318.3
54010.3
55929.8
57724.4
55938.2
53416.5
53206.1
55453.4
55685.4
56593.2
55418.7
55251
56741.4
55755.6
56139.4
57527.5
55981.9
58673.4
57465.9
58355.1
56475.9
56688.7
54717.3
58302.3
57542.9
56232.9
54549.2
57223.1
56277.8
56681.9
55286.1
58552.9
58439.8
57765.4
55940.2
57102
59813.4
56932.8
57744.8
55130.3
57210.5
57184.8
57851.7
56580.7
57912.8
59118.4
58681
58572.3
56892.9
56540.4
57513
57225.1
58134.5
57027
56875.1
57002.2
56414.6
56728.3
56872.7
58029.8
57431.1
56816
56491.1
58035.3
56269.5
57178.1
57468.8
56478.2
57156.4
56297.9
57216.7
59029.4
57503
57822.2
57167.3
59438
56477.2
60724
56252.9
56941.6
56666.3
57794.7
57225.8
57513.5
57669
58140.3
58574.3
59071.5
59693.4
57260.3
57348.8
58303.9
58595.3
59014.4
60397.2
59325
57497.6
58877.3
58103
58330.8
58709
58377.4
57017.5
55202.9
55502.5
56941.5
58479.4
57919.8
56051.5
57394.8
56135.4
58382.3
57285
57877.2
58037.2
58815.3
58896.4
58489.7
57745.1
57307.1
56576.2
59272.9
59729.4
58779.2
58094.6
57774.1
59524.7
58061.9
60166
58035.8
59115.8
59242.6
57765.2
59606.8
57849.4
57665.6
57378.6
59273
58386.7
62327.4
60531.3
57031
60766.3
58798.2
59328.4
60464.4
58946.7
59037.1
59170.4
60136.8
58731.3
59109.1
58066.5
60968
59014.5
58857.8
58230.8
60488.6
57268.6
60201.6
59597.7
59991.7
59229.7
60337.8
59642.9
58819.5
61146.3
60576.4
59352.7
57937.9
61060.2
58133.8
58865.1
59988.4
61389.9
60566.3
62701.1
60399.5
61048
60310.7
60450.6
59164
59534.5
58757.3
59395.3
59711.9
60548.9
58292.4
58215.7
61063
59841.9
57725.9
60243
60921.8
61046.8
60270.9
61623.3
62665.9
61967.8
59739.1
61555.6
62276
58306.3
60769.5
60449.5
61698.5
60541.6
58438.6
61809.7
59350
60835.9
61693.7
60223.8
59619.4
60644.8
59516.1
61164.1
60191.1
62302.7
61031
59981.5
59633.3
59848.7
61573.8
59335.8
58326.3
60460.3
61743.8
60630.9
60790.6
59426.4
61376.4
60314.1
59250.8
61709
61403
60882.9
61615.9
61169.6
61695.8
62303.5
62750.2
61999.9
63953.8
60250.9
60002.8
58929.5
60619.1
58441.8
61156.8
60710.2
59287.7
59364.6
60029.9
60707.7
58339.5
58889.8
59569.9
59513.7
58916.3
60092
60831.8
59465.5
59831.7
59755.9
62451.6
60379.3
63516.1
59515.5
62918.2
61295.9
61317.9
61854.9
60930.8
60690.6
62297
61696.5
60454.9
61505.1
63288.9
63471.7
61617.5
61541.6
62382.4
61094.2
59731.2
60971.3
60117.9
62769.3
61673.5
61694
61295.8
61026.7
61568.9
59858.1
61394.5
62060.9
61046.8
61199.8
60734
60635.7
59677.6
60027.1
62428
61531
60633.6
62098.4
61321.9
59760.2
59387.6
61022.2
63325.1
61412.6
61977.7
60834.7
61780.6
61350.9
62924.5
59800.7
59998.9
58327.7
58367.5
61184.5
62354.2
62209.1
59755.2
61614.4
60803.3
60922.8
60534.4
59219.6
62329.4
60831.3
61616.2
63147.1
62150.7
63223
64913
62849.2
63936.3
61366.7
59200.4
63584.4
62281.1
60384.8
62970.7
63327.4
62556.7
63371.8
62400
58183
61723.2
63444.3
62869.1
60818.9
61285.9
61942.1
60777.2
62694.9
62248.1
61755.9
61054
64153.8
63199.1
65194.4
62108.8
64292.3
60589.4
61713.1
61402.4
61076.9
63314.6
62783.9
62177.2
63100.9
61815.1
65064.9
61231.1
61243.1
61728.9
63410.2
62455.4
60710.7
62838.1
64024
61405.5
62392.8
62822.3
62655.2
63580.4
60542.5
60534.8
60217.3
62411.7
64062.2
60782.1
61050.4
62096.2
61632.7
60191.7
61039.1
61870.7
60276.9
63268.6
62912
60669.9
63215.4
60521.5
62782.1
63874.1
62393.3
64534.8
64154.9
63645.7
62098.4
63559.5
62934.2
61856.7
62172.5
60960.6
62253.6
60836.4
62396.9
58475.9
59042.2
60008.7
61727.8
61069.6
62663.8
60231.1
62467.3
61809.6
63949.2
62291
62600.8
62655.9
62257.6
61980.8
62078.5
63121.7
63631.3
63591.7
63718.4
63616.4
64293.9
62571.1
64586.6
62066
61347.9
61919.1
61948.6
59763.1
60702.1
62719.4
61195.2
63361.5
61229.7
64799
62960.8
62635.8
64787
64115.1
66824
63491.7
63650.8
62318.5
62418.5
62260
62424
63706.6
62382.9
61227.8
62290.3
61989.9
64475.2
63984.3
61471.8
61731
62834.2
62287.9
61344.8
62189.5
63768.9
61447.1
63969.7
63267
63486
63119.6
62759.8
62531.1
64851.6
62903.1
60472.4
63722.1
60889.5
63520.8
62292.9
63622.7
61541.5
64878.9
64258.6
64397
62942
63904.8
63950.1
63374.7
62370.9
63484.1
62974.8
63540.7
63299.1
63794.3
61201.4
63566.6
63516.6
63677
63049.6
63026.3
64152
62593.2
62591.6
62847.6
63485.9
65518.8
66035.4
64983.4
63148.8
65036
62875.7
64851.9
62201.1
63724.2
64232.4
63155.3
62504.9
64696.2
60357.3
66006.2
62545.7
65121.9
65955.6
64671.9
64285.9
63622.3
63295.8
62680.5
62358.6
62447.2
62357.4
63614.4
62638.4
63887.6
64808.2
63197.3
64159.9
63564.5
61642.6
63101.6
62802.2
60100.9
62156.4
63218.7
60487.7
63700.2
64323.6
63278.9
62188.7
61144.6
62704.7
62983.6
64236.6
61332
64476.2
62656.9
61092.1
64134.4
64807.3
65955.7
65513.3
64374.5
65343.2
63557.6
62261.7
62828.7
61554
64105
61509.5
62809.7
60726.1
64684.8
61470.9
61878.9
62477.6
63412.1
62521.8
62063.7
63550.4
62250.4
63469.6
65282.7
64503.1
61534.4
65308.5
63436.5
61946.9
62764.7
64705.5
63436.2
61776.4
62107.8
64001.7
64029.1
64163.9
63333.3
61795.4
62563.9
63313.6
61299.7
60639
61671.7
60913.6
62797.1
61540.7
62439
63473.7
65289.9
63881
63717
62366.5
64215.9
63588.7
64188.1
63066.6
62911.5
60942.8
62440.8
63610.8
61827
61781.4
63346.9
63591.6
63403.6
64446.2
64877.9
63599.6
62931.4
64212.2
64564.8
64889.1
65979.6
64977.2
62891.5
64152.9
62226.7
65535.3
62755.4
65521.7
61692.6
63173.2
63849.6
63849.5
62462.2
64884.2
62692.3
65647.3
64391.4
63304
65147.6
64435.1
63338.7
64100.4
65009.1
66139.1
64693.1
61683.7
59885
61530.5
62194.3
63785.7
63692
65023.3
62466.1
63257
64688.2
64974
65354.8
64295.2
63734.4
65339.5
63465.4
64620.9
63888.6
65325.1
62842.2
65236.8
64147.2
63338
65483.5
66360.9
65319.9
65667.6
64519.7
62880.3
65912.1
66271
65381.8
63123.8
64643.4
62550.5
65721.6
62677.6
64092.1
65041.5
63858.9
63438.3
63862.6
62192.7
64274.1
63404.7
64151.9
64234.2
63574.4
64194.8
66525.8
64673.1
63282.4
60256.3
62581.4
63896
65483
64359.3
63251.7
61223.9
64706
61541
64007.5
64823.3
64180.4
61825.9
63921.9
63188.2
62221.6
62021.7
64522.2
65711.9
64988.4
65022.4
64078
64904.8
64523.2
62316.7
63503.1
63850.1
64693.1
62065.9
61327
62145.3
62831.8
61882.2
62395.4
63394.1
63651.6
63984.6
62432.8
66144.4
64811.6
62329.5
66089.3
67029
64665.9
65625.3
64127.8
64925.8
66179.1
67731.2
66231.3
66321.4
66784.7
63651.5
62333.6
64526.5
64456.4
64224.7
66223.5
66835
68249.6
63551.2
65425.2
62935.2
66632.5
66454.8
66736.6
67563.1
66372.5
64017.1
63040.9
63543.2
66356.5
65854.5
65960.5
64139.2
64952.6
66139.8
66999.5
5541.02
164415
5955.58
