5043.66
8481.64
9531.44
10034.9
10640.1
10924.2
11412.5
11912.9
12291.2
12602.4
13066
13312.7
14021.3
13992.5
14188.1
15096.6
15321
15122.3
15751.9
16289.8
16344.8
16529.7
16948.8
17044.9
17400.8
17198.4
18158.4
17723.3
17648.5
18405
18407.8
17949.7
18791.8
18839.2
18464.1
19131.2
18854.4
19677.8
19878.2
19548.5
20238.8
20037.2
20847.5
20627.1
20718.4
21395.7
21183.1
21257.3
21618.2
22005.1
22165.2
22611.9
22341.3
22798.4
22573.6
22431.7
23374.8
23443.4
23131
23771.9
23828.3
24189.5
25368.6
24593.1
24493.8
24784.9
25689.2
25937.9
25436
26817.5
26496.6
26880
26048
26232.6
27271.7
28453.6
27764.5
27505
26759.7
28911.9
28595.5
28855.6
29819
29005.7
29400.5
30004.3
29463.5
29561
30406
30361.2
30634.2
30214.2
31861.9
31388
30531.1
31272
31239.6
31885.2
32191.2
31717.4
31660.1
33554.1
33324.4
33260.9
32906.8
33966.1
33058.6
33998
34264.3
33790.9
34915.7
33820.5
35257.7
34021.3
34267.6
34693.9
34413.8
34537.1
35846
36407.2
35468.8
36216.7
34868.4
36390.9
36656.8
36517.7
36159.2
37032.8
36123.8
36736.1
37258.5
38484.3
37500.4
37500.7
37764.8
37974.7
38547
37974.7
37899.3
37624.8
38640.4
37729.9
39771.1
38001.9
38240.8
39225.4
40076.1
38966.8
38931.9
39454.1
39456.8
38657
39094.6
39529.3
39265.7
39479.4
39680.3
39693.9
41275.1
38780.9
39920.5
39690.5
39563.9
40129.3
40603.3
41839.9
40594.3
41041.3
42252.3
41443.2
40704.4
41190.7
40685.4
42040.6
41649.7
42107.8
42487.2
40790.1
42159.4
41691
41921.6
42730.8
42451.4
42638
41773.1
42479.1
42509.9
42302.9
42436.3
42301.8
43107.9
42162.1
42654
43709.1
42782.9
42833.7
42593.7
43470.3
44920.7
43201.8
43874.1
45538.5
44345.3
43947.6
43900.7
44716.6
44711.5
45126.4
43751
45678
44247.8
45807.7
45225.3
46279.9
45445
44927.9
46597.9
45536
46169.8
46123.1
45230.7
44405.3
45218.8
45966.6
44255.5
45740.1
45332.5
46926.3
46258.3
46327
45472.1
46251.2
46157.9
44818.2
46766.3
46694.2
45467.2
45489.2
46008.7
45373.9
46696.6
47832.1
47566.1
46946.2
46525
47222
45526.8
46432.2
47120.4
47093.7
46895.4
47040.4
47395.8
46042.5
46066.6
47796.8
47643.4
47380
45627.5
46430
48213.3
48657.5
47358
47581.2
47068.8
47767.8
47827.7
47985.3
49520.7
48014.7
46642.1
47293.5
48204.7
47279.7
48388
48096.1
48902.5
48554.2
48839.2
47179.2
48569.3
47062.4
50825.7
47898
49624.9
47943.1
49661.9
48922.6
48570.8
48747.9
48398.9
48965.4
50600.5
49291.4
47456.2
48663.7
48877.2
48060.6
49182.4
49033.6
48642.1
47119.5
48675.2
48620.2
48464.4
48261.1
48367.9
48826.9
49562.3
47280.2
48813.4
50073.5
49467.3
49622.8
49331.2
49180
50634.3
49753.5
48054.7
50670.2
50237
50241.3
50840.5
50463
51338.8
48643.3
49473.4
50815.3
48266.7
49959.7
50995.4
49805.9
48895.3
50615.3
51398.1
49715.7
49777
50449.8
50754.6
51422.9
49740.5
49941.4
49662.7
49263.9
49755.9
49957.5
49607.6
49926.9
51865.6
50802.3
50281
49478.2
50458.8
50953.2
51044.4
50269.8
50797.1
49646.8
50829.5
50375.9
50426.1
51477.4
50280.6
49981.4
50712.1
51250.3
51362.9
51855
51192
51489.7
50885.4
51383
51807.4
50799.8
51373.2
50611.5
50546.1
49797.1
51756.8
52473.4
51102.2
50961.7
50759.9
53531.4
52068.3
51480.4
51435.7
50156.7
51190.9
51125.8
50837.2
51228.9
51687.3
49118.8
51034.1
51462.5
51745.4
51630.1
51052.6
52729.5
51250.6
51143.6
52183.9
50615.6
51078.4
52345.8
51369.4
51117.5
51590.2
51583.4
50219.4
53369.7
51525
50841.7
51774.7
51455.9
51875.2
51014.9
52070
51152.6
52652.3
50436.5
53846.4
52965.7
52955.5
51764.7
51503.9
51454.8
53341.2
53116.9
51357.5
50385
51270.9
52842.4
52689.6
52704.6
51962.2
52833.2
54459.9
52934.3
52387.3
51522.8
53614.6
52857.5
52562.1
51362.5
53537.6
52296.6
51377.6
52566.2
52686.8
52394.8
52825.3
52286.5
53424.3
51048.2
52284.7
52382.5
51496.5
52729.2
52224.9
53541.9
52538.4
53696.6
52057.1
53812.8
51805
53060.3
53819
51607.8
52753.2
54086.9
51393.7
53615.5
52652.3
53130
53365.1
52492.8
54628.6
53514.5
52786.6
53449.1
54230.1
54226.7
51635.8
53011.2
53325.3
53192.5
53284.3
54632.5
54418.7
54564.5
53426.6
53446.2
54266.6
53058.3
53020.7
53952.8
53624.5
51837.8
52848.3
54365.5
54850.2
53318
55387.7
55668.7
53734.4
54214.9
53888.8
53863.4
53901.9
54512.7
55585.5
55215.9
55974.9
54517.6
56836.4
55323
54502.9
55719.2
55367.5
56145.8
55381.7
54830.4
56117.8
55847.4
54950.2
54758.4
54737.4
54635.3
54488.7
55834.4
55386
56108.4
55722.4
57578.2
55171
56352.9
56820
55755.1
56375.9
56426
56457.2
55935.7
56648.7
55937.2
56018.9
56242.1
56197.4
55608.1
56375.9
56758.3
57776.9
57147.9
55708.9
56094.4
55156.7
57276.3
55990.1
56024.3
56490.3
54930.1
56124.3
57105.3
55726.3
56542.2
54966.6
56494
55572.3
56213.4
56330.9
54935.4
56405.5
55587.3
57598
57850.3
56078.1
56417.1
56613.9
56390
54885.7
57515
56359.3
55523.9
57377.7
57652.4
56497.7
56570.5
57042.3
58003.3
56526
56775.1
57045.1
56295
57228.1
56115.8
56586.7
57015.6
57344.6
58240.1
56928
56861.6
57571.5
57340.9
56659.8
57969.3
60017.8
59388.3
58332.1
57411.1
57764.2
58996.4
57441.3
59248.5
57194.7
56830.7
57712
56897.8
59081.1
59416.7
57615.4
56923.5
57729.8
58949.1
58476.6
58258.4
58805.8
58171.1
59604.8
58576
57758.9
58583
60145.2
58953.6
60008.6
58634.1
58880.3
59891.5
58407.3
59407.5
59086.7
59658.2
59296.3
58768.7
59208.4
60078.2
59807.1
60510.7
60692.2
60320.7
59770.6
60433.6
59314.5
59008.5
61080.3
58963.6
60626.7
59025.7
60005.7
60693.8
60619.6
60958.1
58818.7
59453.3
61315.6
61438.1
60443.6
61093.9
59845.3
60253.1
58815.1
59821
59473.6
61425.2
60449.8
59154.3
61246.9
59201.5
60167.1
60763.5
60590.8
58585
58938.6
60790.5
61369.7
59638.2
61147.5
61157.4
59378.1
60281.9
58761.7
60330.9
62287
59464
58862.1
60630.8
60252.4
59900
61426.7
61371.3
60399.5
59086.3
59246.2
59681.1
62177.5
61168.5
59955.1
61293.2
62505.8
61725.9
61810.3
62271.5
60629.5
61362.3
61151.4
62372.4
