7599.67
11060.7
12804.3
14204
16869.6
18398.3
19392.6
7758.13
11025.9
7533.21
10760.9
12890.2
7971.02
11331.7
7793.9
11653.5
13930.1
7501.92
7699.89
11026.8
13169
14661.7
16568.1
18245.5
19043.3
20864.7
21157.6
22428.5
23554.3
24480.8
25186.3
27055.7
27619.9
28492.6
28886.2
30025.9
30594
31866.8
31986.2
33044.4
34216.1
35112.9
34863.6
36170.7
38313.9
38190.5
38129.4
38043.8
40849.4
40453.2
40925.3
41540.7
42252.2
42659.1
42784.5
45386.5
44698.4
45625.9
46609.3
46211.9
47506.4
47559.1
47515
47997.1
49098.1
49853.3
49728.3
51223.4
51233
52325.3
50421.9
52093.2
52798.8
53372.2
53286.1
54255.4
55221.4
56441.5
55394
56170.8
57363.4
57538.4
57925.2
58099.8
58931.7
58083.2
58968.4
59766
59351.7
59004
61030
59793.2
58511.2
61676.5
60299.1
62561.2
62747.4
61280.1
61357.4
62906
64591
63799.2
64274.1
64858.7
64372.6
65817.6
64655.1
66078.4
66399.1
67571
66804.2
67914
67043.9
66345.2
67195.3
67969.6
69354.7
70879.4
68112.8
68607.7
68478.6
70756.6
70810.5
70458.8
71564.7
71195.9
70887.6
72300.9
72497.6
72794.3
73244.8
72828.1
73224.8
73362.7
73900.4
73233.6
74019.3
75987
77138.5
76749.6
76738.6
75135.6
76399.7
77586.4
77391
79406.3
78741.9
77488.2
79837.1
78701.1
80521.9
78891.8
81157.5
80340
81590.8
81346.1
81616.5
83492.2
83357.4
80341.9
83547.7
82684.1
85747.2
85767.3
86843.3
83975.6
86031.7
84823.6
86152.2
85788
85667.9
88243.9
84782.8
85392.3
88897.7
85227.1
86068.2
87753.8
87388.4
86150.3
86827.9
87714.6
87324.4
88882.7
88215.2
87826.7
90955.9
91428.5
88263.3
89096.9
91278.3
90507
90010.4
91689.6
91159.6
90440.1
90625.9
90871.6
93655.1
92301.8
92422.4
92296.7
90913.6
90540.9
91619.8
88939.4
92880.7
91520
92642.4
94119.1
90985
95090.4
93088.3
93382.7
95419.5
93260.2
93034.9
96250.4
92976.9
96598.4
93008.8
93997.1
96655.4
96655.8
96366.9
93562.4
94249.7
95865.3
93656.7
95215.9
95921.5
96822.8
97613.3
97465.4
96975.4
94276.7
96395.1
96677.3
95931.9
98412.7
97638.8
97113.3
96795.7
96475.7
96813.9
93826.2
98249.8
97560
98915.4
99775.3
99025.7
98020.9
96813.4
99003.9
96368.1
97460.4
100603
98727
97266.5
97272.5
100614
100365
100697
101263
99283.9
99349.4
99014.1
100704
100615
99596.2
101911
95665.4
101506
102646
98088.5
100199
101884
100074
100323
102629
101038
103680
101385
101696
98342.4
99071.5
100704
101703
102628
101622
100094
105916
101893
99678.7
103463
100351
103091
100730
100958
102973
101111
103166
103446
104706
103031
103117
103244
105103
103075
104586
101983
105095
103671
102926
106170
104634
105630
103614
103704
104799
104884
104279
106165
105981
105149
106577
107554
106182
105051
107048
106523
104937
105741
104208
106173
106786
101342
107038
106676
105936
107503
108338
106277
106429
107310
105642
104986
108315
106863
107795
108127
107086
110255
108836
108009
109462
106268
104286
107842
107083
109661
108553
109422
109125
109650
109472
108144
108438
107075
108264
108951
106343
106490
110990
109111
111032
105295
106688
105536
108222
110224
108933
105833
109906
111499
110096
110510
108172
108210
108850
107636
109780
110471
111002
109512
109051
109877
112193
110939
110529
109854
108762
111575
112046
110884
110310
110708
107956
109514
110177
110019
111114
110119
108514
110197
111143
113621
111286
113667
110962
111156
113694
110945
112850
111970
113657
111449
109841
112126
113514
113274
108097
114376
109816
113272
112854
113458
112871
111646
110301
110218
111718
113643
113524
113130
114600
111662
112368
113110
112114
113116
109182
111276
112972
112132
112541
112378
110931
115500
113964
113336
111526
113688
112902
111628
112812
112469
114004
113704
114986
115137
116348
112908
111851
114378
117197
113195
116920
114684
115762
118044
115670
114615
115713
114645
112406
114336
114521
112614
113937
114699
113596
117488
113700
114584
117687
115846
113678
116204
117468
114492
115229
112178
118192
115483
120249
114301
117597
115026
115835
116050
117265
116884
115511
111527
117539
113854
119282
117295
115167
115943
113461
116701
116659
121367
118293
117724
114657
114500
115480
115534
116151
114954
116394
115078
115402
115195
114371
114614
116200
116468
115039
115802
117600
118006
116916
116571
116551
117995
117244
115169
117316
118508
114997
115328
118435
118112
116645
114632
116156
116595
118846
118013
117559
118593
117021
115010
119524
116759
116410
116436
117533
115445
117836
119478
115694
119913
116398
116866
119140
118790
118302
117775
119393
117470
117692
120735
117214
117069
118386
117223
118896
117402
118101
118959
116480
115886
119951
120342
119296
116813
116288
118366
115069
119121
118727
116828
119236
121661
115892
116711
116372
117732
116159
122621
117669
120035
118936
118553
119382
117703
119998
118454
116744
117781
120015
122293
119312
119317
118822
117912
122823
119079
119367
120607
119775
120560
118932
120541
118721
119743
118847
118538
121055
118092
121351
122700
118352
117323
120790
121751
121554
121944
118158
120947
121076
117218
120232
120320
120394
119642
118887
119498
119184
121364
121080
119290
122715
119930
120595
121097
121229
122902
121284
119364
120446
120006
121133
120579
121227
119492
118906
119716
121228
119940
119805
121731
121183
122156
121338
120207
123330
124363
125687
122333
122009
122162
120876
120940
121292
119935
122862
118277
121857
118734
120300
121714
122182
120540
120953
123933
121470
119025
120986
121642
122092
120321
122150
124388
122156
122590
120276
124172
123469
123768
120754
122104
123801
122042
124375
123217
121739
122111
121055
124444
119478
119179
119605
121049
122074
121254
122944
121587
123953
120699
121554
125106
125179
123313
119134
125309
121516
122216
122529
121379
120943
122416
124530
123981
121628
123204
120137
119995
122624
123663
122962
124936
121117
124080
120651
122105
122167
125054
123725
124000
125063
123027
121719
122822
124037
123639
121327
125763
122348
121957
122036
121952
124348
120582
121935
122195
125902
124081
124169
125266
125258
121347
124545
124098
125490
124682
124646
122681
122065
124266
121871
122759
126033
124878
125922
123451
122538
123921
121541
123175
124825
120648
123138
125198
123351
124410
126757
123627
124046
125049
124334
124189
123579
127807
121156
123834
125483
124788
125599
124184
126449
126294
123137
123338
126089
125478
125660
124449
123708
128057
125522
127960
126627
125461
123937
124508
123352
123888
123461
124802
124364
123493
126434
126635
124341
125273
125585
122762
126451
126334
123460
124958
125602
127497
125878
124351
123446
126520
124255
127780
121807
123138
123413
124685
127762
125144
124817
126493
129255
126803
126505
129424
127207
125443
122860
124506
122976
127320
126492
124802
122664
125919
124467
123333
126427
127260
125313
123553
124431
124660
127007
125197
128822
125497
123488
125523
129150
124002
124817
122751
122909
124913
127680
124544
127088
123219
128107
126367
126461
125986
125448
129725
126681
125229
127900
124488
123791
127507
125859
126443
126991
127097
127638
126771
128947
128710
128590
127894
126954
125475
126925
127233
128905
128770
126547
127224
125567
127653
127575
127291
125930
128639
127728
126523
127353
127912
129722
124794
124561
128734
127672
126032
128176
125309
126457
128697
129537
128655
127764
128685
126305
125173
125995
125790
127925
125160
125289
129557
129429
127634
129844
128055
126375
123893
129154
128729
126683
126254
125711
125558
124772
127362
130202
128705
127310
129262
128625
130854
131959
129017
125820
129480
125565
126138
127297
124762
131089
131249
123625
126988
127147
127365
127572
133764
131219
134351
135647
131525
137160
133676
134044
132148
133485
132177
132627
133017
133725
135120
137549
131945
136401
132335
137978
134774
134692
133524
134078
133980
134527
134620
137636
133789
133866
134957
131995
132798
132385
132568
131856
136171
132569
131857
133955
134287
135378
135024
133900
132014
135531
133643
134320
134147
132078
135498
134991
136495
137135
134710
131957
133173
131832
129053
136879
134860
133784
131643
134591
136293
132748
134896
132236
135442
133566
133441
138032
136293
134554
133186
133916
131962
135159
130990
135962
133826
133466
135007
136440
137210
133717
135259
136432
136086
135520
132882
136519
135362
134598
130930
132673
135062
133524
137692
135946
135510
133261
135429
133656
133201
137005
137447
134152
136299
136288
134570
135068
134577
132626
136435
132333
132889
134828
137920
136472
133697
135369
136117
135026
134792
135763
134881
135834
136697
134530
134560
134007
136759
137272
133966
138326
135796
134886
134658
136984
134645
133764
137582
136152
136364
133421
137203
137480
136999
133771
134758
135853
137352
137469
134069
137550
134355
136461
136677
134184
137577
138242
136951
135942
137212
135712
137082
135117
137603
136877
134970
137847
137494
139445
133135
133527
135311
137920
135590
136908
130738
135295
136863
136987
136410
136450
138775
136573
137108
135893
136551
135274
136733
137391
135752
136323
136153
137447
137633
137358
137850
136258
136392
137690
134101
138064
139791
133877
137705
135364
139903
137477
135870
135888
138541
137526
134397
137952
137844
135829
135724
138543
135593
137634
137691
137824
138008
134931
139664
134986
136930
137947
134770
139237
134318
134233
135290
134542
136906
137435
136226
134665
136769
137297
135180
138564
136576
136146
135178
137206
135445
138123
134792
134174
136717
137252
136274
135938
138211
133713
137177
135619
136616
134290
137442
134967
135893
136442
138282
136232
134795
138200
136912
135588
138218
135071
139777
137677
137457
136621
139014
136941
138592
137818
137521
137371
138457
136977
138014
138972
138502
138483
136133
137334
135610
136822
138287
136439
139055
137523
138764
135979
137925
136589
136611
138121
139896
139065
138488
134543
137031
136755
138944
139010
136354
137056
137101
138362
138034
138812
134932
135794
140766
142654
136312
139544
137488
136756
135852
136383
137967
138739
140644
140535
137887
140057
138550
140021
138024
138713
137480
136976
139971
135482
135316
137232
138149
137504
137533
136125
138143
135674
140843
136706
137165
137164
137632
138188
137357
135482
138152
136233
140008
140462
134341
137690
138949
141634
136269
139023
139418
136538
138716
138134
135847
139187
135530
137073
134135
138870
139898
136492
139053
137529
138048
136903
140379
137789
137867
138894
139230
136391
138757
139747
137542
139216
138163
139270
136006
139352
140090
139676
136927
140410
139480
139217
139581
140188
139071
138758
140939
136882
140287
139292
138649
138895
138875
136954
136550
137926
139924
140271
138156
140675
140215
137906
137216
138746
138483
138792
137422
138811
140701
138595
138253
139888
136553
137970
139644
137526
140419
135591
137380
137355
140552
138391
137881
138965
139368
140980
138240
138639
137189
139507
144247
137552
138673
137719
141000
138533
137911
138254
137284
139838
138796
142247
136730
139117
141524
138235
138391
141305
142884
138813
138426
138048
140596
140667
137173
136158
141725
138578
139718
136810
141207
138822
138443
139852
140763
140990
142133
141846
141034
140464
139621
137637
140726
139779
138656
138168
138256
140447
141998
140582
140454
139752
143350
137307
136536
138737
139083
138468
138364
139261
139514
139651
143892
140722
139039
138406
137304
139298
137913
138441
139059
141062
140115
140194
141017
141916
141085
141475
140603
137931
138367
143440
142083
137681
140403
138176
138548
143143
140661
138027
138935
139364
143189
140484
140604
140798
137337
141428
140160
139093
137807
139911
142086
142313
139361
141357
142809
143219
143486
142877
142479
136834
141011
141400
144150
140167
141640
139669
142268
139897
142774
142687
145175
142515
141020
140373
140596
138971
140716
140728
140223
143889
139320
140142
139450
136767
144678
142882
138985
137238
142063
142222
143969
140692
138470
141437
138885
136820
140811
140448
139723
144152
139296
141388
142119
142521
140964
138425
139828
142314
139055
142514
142703
139491
143714
137829
140206
141536
143618
142152
139088
140595
143119
142536
139434
140425
140539
141574
141560
143772
140079
143031
140432
137588
141910
140360
142416
143448
142005
140629
138188
145140
142708
140866
142591
140850
144038
143253
143755
142644
142661
140930
141216
139005
143641
139333
144406
143466
143011
141341
143474
142001
144126
140835
139944
140130
142488
141648
145146
140288
141788
141213
143655
141591
140150
143319
141700
139848
140754
140934
144312
139452
142287
141713
143151
141559
141137
141790
141895
139981
144234
141083
140012
144178
141847
143762
143062
142694
141444
141174
141469
140798
143726
140560
142193
143545
142412
144150
143178
142303
141991
142964
143297
144013
140186
144523
143686
141051
142448
143216
143728
142110
141863
144866
142471
144188
141546
142644
143998
143778
139798
141922
145066
141825
143217
142309
140979
143424
145437
141501
143681
141943
141239
144805
147590
145255
142299
141140
143802
144334
144971
145862
141888
140610
143011
145700
145835
145084
146813
145337
143284
143121
140364
146248
143833
144942
143545
143884
143272
146271
142603
144300
140850
144072
141571
142054
145682
141254
143295
145281
144030
143134
144891
147614
143704
141192
145585
143288
142561
143233
143223
145655
142953
146123
147470
141468
144747
144796
144124
144825
144702
148086
144471
146082
144088
146534
147461
144708
147749
145412
147698
142413
147003
150421
144844
145306
144497
146739
142254
146805
145518
139878
144665
144118
147489
147888
143555
146344
141674
145560
145231
143709
147297
149284
146417
147180
145767
145935
146765
145330
148911
146996
145536
149916
145214
146375
144837
145666
143820
146164
148689
143791
145972
145593
146567
148107
147661
145519
148903
148234
148131
147865
148114
145165
149663
148288
148497
149177
151940
147207
149580
149393
148615
148404
150464
148469
147008
147120
146523
150548
146822
151232
153763
148321
146674
149924
151866
151213
149106
149675
151124
148654
152605
148979
155745
150126
151534
152319
151931
148972
155154
154700
152072
155482
148948
154906
154555
151026
153734
148256
153046
150812
154493
155841
152499
153114
153799
152527
151683
152291
151310
154453
153778
154126
154004
149736
154500
149771
154947
156163
155972
150881
150146
153440
151494
153667
154662
150042
151978
153854
154140
151662
151521
154022
152604
150548
153471
154660
153269
154264
158610
159082
152866
154603
153066
157668
154039
155075
152412
152011
158889
157347
155826
158386
153233
156910
159652
156354
159745
158471
156920
152718
157990
155476
158905
158117
159723
155181
159346
157711
157725
157590
157650
154346
158063
156235
160633
162296
158681
156345
159209
155947
156790
157854
156980
152957
163703
164672
165586
167491
168008
170203
171161
168509
167762
165189
166798
171161
165252
171391
170196
172963
165473
168054
172116
165173
174552
169977
170808
166949
168640
170323
169833
168600
172875
166640
167087
171172
175102
171269
171905
174027
171152
167134
173501
170890
168952
165419
168139
169526
170587
168313
170904
171780
173997
169873
175313
175850
172165
176438
171990
173953
170968
175593
168145
170550
169469
171599
173340
175128
172979
170850
169865
169845
171472
169644
171595
169696
172977
167773
171552
168056
177564
174581
173419
174185
175105
173189
173776
174706
175587
173780
173081
176155
171831
175031
176113
172249
173010
172785
175579
174103
178334
171939
170947
172494
168766
173890
171469
172846
174078
168573
170074
176124
174103
173918
172687
171629
174627
175699
175050
169867
175213
176784
173388
173677
172355
172103
171114
173122
177465
176769
176274
177501
176227
177783
174702
174459
171198
175442
176792
171886
178295
175899
172495
173210
175783
175217
171745
173171
175631
172663
170777
173269
179331
179137
174711
175872
176375
178387
174145
171921
176937
174033
174570
176324
174639
176056
173300
174283
171937
176273
176259
172168
176062
172374
175290
174350
174544
172423
175989
175628
177028
176155
173614
176489
173327
174043
173408
172707
172164
176511
176216
178969
174225
174843
177356
173585
173603
177100
174441
179354
178776
176823
177713
172243
175740
177300
174089
176999
175971
177386
177489
172872
173522
174332
174784
167420
174782
176732
176491
171802
173743
177064
178461
176535
173801
174847
171817
172899
175418
170685
179947
180695
173681
174839
178871
174346
172535
172809
173350
172142
176232
173922
175060
171105
177902
174452
176901
171587
177303
174921
173011
177571
181389
173627
175259
175776
177476
174644
177515
179879
178710
175549
177750
178259
173944
173936
177307
174810
178163
174330
177622
178867
175817
177043
175657
171951
178596
175080
176246
175961
175631
174637
177288
178875
177555
172000
177842
178307
177282
175768
174266
174502
173992
177312
178389
170739
173576
179217
174279
173126
176855
173806
175255
178679
176339
174163
177129
182328
177069
177583
176185
173223
179466
176460
175556
173277
176742
177250
176127
181210
178827
177250
179966
173612
174759
175498
176906
176174
176054
176008
177645
180472
177342
183043
178896
176968
180566
180165
179326
173787
177278
178666
177553
178677
176941
177987
177193
180852
175975
174010
179703
179996
179165
177732
176180
178211
175472
177623
179433
177675
176459
179554
176172
176474
175939
175989
182419
180193
174430
180963
177579
176369
175951
177459
175677
174234
175177
176193
178508
174519
180513
178793
179299
179260
181685
178853
176617
172609
176257
177292
174352
175312
174705
174353
180512
177091
183912
178675
173856
178350
176118
176850
176518
181028
180261
173747
182528
175345
182424
178383
180961
180801
176278
180483
180082
171060
177252
180122
178724
178337
176570
180102
173153
177488
174742
178688
184217
177990
183571
175615
173959
179458
183380
177765
179592
177072
176951
182910
178167
179563
178658
181758
180045
180108
178191
177098
175607
177501
178115
174647
179104
181182
178588
176917
175311
176863
179213
176805
180087
178552
179828
176429
177796
178375
176911
176372
182766
179799
176764
177922
181440
176129
179032
177280
177510
184756
186370
177566
178538
178228
177977
179828
178104
178766
178404
181020
176043
178997
177177
181247
185602
180023
180692
180435
177783
179670
176629
182813
181254
177386
178399
180413
175173
180584
178579
180985
177047
181641
180023
178778
178962
184266
180097
182251
177049
181125
179366
177977
181717
175095
179352
177608
177681
180578
183150
180670
183836
178894
180664
178648
179365
175587
180530
173263
181408
182759
179223
179214
179435
177885
179282
182951
178437
180729
180427
181978
183120
179535
178579
180939
179080
179972
180839
182518
180413
180330
179277
180183
177425
176379
180335
178067
176645
183203
179799
181283
186516
181931
176387
183797
181463
177221
179235
180177
181959
180261
183890
180387
179384
179137
179335
180705
181399
181525
183279
184369
185063
175823
176137
181415
175613
181499
179671
182747
179616
183885
180543
177118
180947
182859
182375
180212
176616
180235
179102
177644
180101
182230
175639
183976
181297
181061
177986
177722
179426
179495
182506
179024
180765
183387
182985
183820
177956
185349
182263
182142
182249
183008
180109
179734
178606
180083
176798
178231
185848
182453
183677
183990
183725
187358
184704
184093
179043
182919
181822
183332
178494
181870
181474
182465
178805
181298
181132
178685
180994
180754
179872
185330
182898
177773
180637
176971
180215
179913
180379
179157
183017
180852
182447
177425
183559
180881
182305
181084
180150
182787
179796
179999
180386
182260
180886
182432
180177
183068
176881
183830
185041
180229
184331
181291
181541
180717
184527
184110
186745
179745
182557
181573
182919
181464
180782
183371
182852
186134
183855
186297
176539
180385
180973
184535
180911
182769
181150
181836
179096
183743
180416
185459
180637
181575
186322
182231
181934
182533
181239
180114
180042
181709
180792
181358
184057
184476
183202
184792
181447
182387
181702
181345
180960
185763
180872
181012
184324
177915
181362
180926
188080
185280
184571
185064
182623
184392
182862
182498
181081
181540
183300
181783
180743
186436
184877
180691
176702
180526
183336
182568
181347
183046
178099
184854
186218
185022
181115
183645
181606
181772
178294
182052
183362
184338
184459
184832
179567
187040
180480
183529
180107
184051
179261
181345
182123
182793
179455
181225
184261
183752
184653
185028
181850
179614
183555
181373
185558
182019
184894
178443
183000
183429
183805
183098
184313
178929
181651
181668
185859
178919
180315
183012
180603
185225
185309
178678
185164
183884
183658
182320
183916
183924
184894
184357
185064
183291
183867
180489
181701
181153
182844
185400
182361
183112
184784
184543
182360
188595
177449
185882
177592
185979
180294
185725
182588
186574
184976
188900
181933
186238
182701
182995
179949
186338
184073
183809
184254
185777
185367
181460
182924
183690
187304
183173
185163
187441
182162
187975
181743
181963
183991
186744
182874
184429
188986
186777
182076
185509
186564
185951
184995
182968
178582
185396
182042
183831
186595
184179
187445
183446
184370
186457
187158
186142
189925
185712
181813
185285
187081
189397
184406
182183
187096
182266
182782
179826
188263
182151
181531
183160
187657
188197
184886
188759
182392
187497
186809
178959
184828
186828
182267
184352
182042
181833
186081
184068
181886
182231
183551
187421
184701
180537
185038
178901
185467
185471
183299
180307
180215
181161
177011
182948
185038
182713
186449
183040
181396
181569
188737
186414
183196
179494
185287
182405
181819
180302
186510
184907
186166
186567
184461
188517
186126
184512
185483
188142
182940
184939
183963
180892
179111
184429
179995
184185
181739
186076
179325
181147
187215
186286
184885
187625
185869
186450
182405
187975
186700
182045
186763
183060
188154
182672
186783
186252
183632
185599
184713
187679
195728
191721
193202
199879
199995
201588
197705
198889
194385
201264
197180
202220
197477
199605
200656
195774
198625
198798
199729
197244
197267
194529
199183
200142
200433
200262
199469
199797
202323
201830
199984
204809
197627
202848
200655
198424
199466
202783
197825
204760
199264
197320
198278
205129
203578
200810
200977
196875
202301
199631
197614
198036
200921
201120
203326
195568
198875
200385
205029
199818
201539
200402
198935
206643
204275
196272
198758
205361
205859
200837
197840
198766
199671
200023
199384
201353
202335
198969
201312
198263
202355
197843
200186
201406
204197
201862
203548
202077
201800
201343
203733
202438
201725
203484
201756
200383
201809
204837
201894
201434
202816
203540
202461
202740
