5482.79
9482.83
10832.4
12039.8
12688
13610
14661.3
14984
15591
16357.9
16467.5
17010.7
17707
17841.5
18446.2
18633.7
19381.8
19312.1
19645.8
19517.1
20370.6
20884.1
21221.5
21309.1
21796.9
22774.5
23094.8
23432.5
23333.1
24705.7
25496
25660.7
25655.5
26107.1
27017.8
27996.7
27795
28143.8
27867.2
28361.7
28944.3
29721.7
30746.7
29633.1
30492.8
30245.7
31113.3
32598.2
31911.9
33386.7
32553.4
32967.2
33131.7
34243.4
34759.4
34188.8
34540.4
33407.2
35621
34121
35867.8
36798.8
35701.9
36688.6
36350.4
37208.7
37074
37356.9
37321
35715.5
38199.9
39051.9
39005.9
38468
39319.7
39145.9
39522.7
39527.8
40147.4
39427.1
39747.5
40082.4
40030.3
40231.2
40352.9
40886.8
40269.9
41008.2
40537.7
41348.2
41186.3
40809.3
41854.6
42347.9
43466
41761.1
41736.1
43774.1
43427.8
42864.6
41964.3
42200
42480.5
42561.9
44566.8
43079.1
41689.2
44339.4
43550.7
43825.9
44724.7
43953.8
43145.1
43657.7
44914.9
44446
44883
43307.2
44477.5
45397.8
44414.1
45150
44541.3
44946.5
45508.5
45237.9
45994.4
45075.4
44010.6
44608.2
44694.9
46556.2
46073.6
46593.3
45000.7
44276.8
44936.4
45277.7
46886.2
47779.1
46031.9
44117.6
47799.5
46525.5
46084.1
48207.9
45996.3
45702.6
47142.5
47802.3
47922.8
45652.2
46312.8
48020.5
48854.4
47798.7
46211.1
46256.3
48245.7
48694.3
47528.5
46707.2
47136.9
47662.8
47063.9
47478.2
46924.7
46673
45838.8
48411.6
46888
47467.2
47330.2
47329.2
47373
48331
47819.4
48492.2
46940.2
46926.6
47314.6
48388.5
47584.6
49271.8
48977.3
48552.8
49015
48704.1
49558.7
49600.8
47206.7
46911.6
48898.6
49896.3
47551.9
48463.9
49034
49441.9
47543.4
47466.6
49141
48944.3
47638.5
48365.6
49654.6
49550
50201.2
49149.1
49162.2
49141.5
49208.4
49306.7
48820
47797.4
50257.3
50386.2
49564.4
49864.2
49255.6
49127.9
49269.3
51073.3
49100.5
49573.8
50530.8
49617.1
50424.3
50799.8
51032.5
50232.6
49539.5
49560.9
51145.2
49896.5
50470.3
50177.6
51635.3
50607.7
49012.4
49697
49135.7
49849.7
50580.4
49902.8
49605.5
50171.1
48828.8
49911.7
49279.9
51249.4
49844.8
50667.2
49426.3
51302.1
50117.6
50431.8
50351.1
49669.2
51316.6
51460.8
50737.1
49732.7
50917.8
50962.7
50354.2
49892.7
51361.9
50157.6
50126.6
51854.2
50903
51664.2
50704.3
51899
50314
50509.1
50977.7
51364.2
50938.9
51070.6
52980.8
51550.9
52143.6
51184.9
51855.7
51399.8
51426.2
50320.5
50507.7
50942.6
51120.3
52346.3
50870.9
51590.1
52709.2
51510.6
51015.1
51453.7
52557
51284.9
